0 0
0 1
0 2
0 10
0 11
0 12
0 13
0 14
0 15
0 16
1 0
1 1
1 2
1 3
1 4
1 5
1 6
1 7
1 8
1 9
1 10
1 11
1 12
1 13
1 14
1 15
1 16
1 17
1 18
1 19
1 20
2 0
2 1
2 2
2 3
2 4
2 5
2 6
2 7
2 8
2 9
2 10
2 11
2 12
2 13
2 14
2 15
2 16
2 17
2 18
2 19
2 20
2 21
2 22
3 0
3 1
3 2
3 3
3 4
3 5
3 6
3 7
3 8
3 9
3 10
3 11
3 12
3 13
3 14
3 15
3 16
3 17
3 18
3 19
3 20
3 21
3 22
3 23
3 24
4 1
4 18
4 19
4 20
4 21
4 22
4 23
4 24
4 25
5 7
5 12
5 20
5 21
5 22
5 23
5 24
5 25
6 16
6 19
6 22
6 23
6 24
6 25
6 26
7 23
7 24
7 25
7 26
8 22
8 23
8 24
8 25
8 26
9 1
9 20
9 21
9 22
9 23
9 24
9 25
9 26
10 10
10 18
10 19
10 20
10 21
10 22
10 23
10 24
10 25
10 26
11 14
11 15
11 16
11 17
11 18
11 19
11 20
11 21
11 22
11 23
11 24
12 4
12 7
12 9
12 10
12 11
12 12
12 13
12 14
12 15
12 16
12 17
12 18
12 19
12 20
12 21
12 22
12 31
13 8
13 9
13 10
13 11
13 12
13 13
13 14
13 15
13 16
13 17
13 18
13 19
13 20
14 5
14 8
14 9
14 10
14 11
14 12
14 13
14 14
14 15
14 16
15 7
15 8
15 9
15 10
15 11
15 12
16 7
16 8
16 9
16 10
16 22
17 7
17 8
17 9
17 10
17 29
17 34
18 7
18 8
18 9
18 22
19 7
19 8
19 9
19 11
19 24
19 25
19 26
19 27
19 28
19 29
19 30
19 31
19 32
19 33
19 34
19 35
20 7
20 8
20 9
20 20
20 21
20 22
20 23
20 24
20 25
20 26
20 27
20 28
20 29
20 30
20 31
20 32
20 33
20 34
20 35
20 36
20 37
21 7
21 8
21 9
21 16
21 18
21 19
21 20
21 21
21 22
21 23
21 24
21 25
21 26
21 27
21 28
21 29
21 30
21 31
21 32
21 33
21 34
21 35
21 36
21 37
22 7
22 8
22 9
22 10
22 14
22 15
22 16
22 17
22 18
22 19
22 20
22 21
22 22
22 23
22 24
22 25
22 26
22 29
22 33
22 34
22 35
22 36
22 37
22 38
23 7
23 8
23 9
23 10
23 11
23 12
23 13
23 14
23 15
23 16
23 17
23 18
23 19
23 20
23 21
23 22
23 34
23 35
23 36
23 37
23 38
24 7
24 8
24 9
24 10
24 11
24 12
24 13
24 14
24 15
24 16
24 17
24 18
24 19
24 20
24 35
24 36
24 37
24 38
25 5
25 8
25 9
25 10
25 11
25 12
25 13
25 14
25 15
25 16
25 17
25 20
25 36
25 37
25 38
26 34
26 36
26 37
26 38
27 7
27 8
27 36
27 37
27 38
28 5
28 36
28 37
28 38
29 0
29 3
29 19
29 36
29 37
29 38
30 1
30 12
30 35
30 36
30 37
30 38
31 35
31 36
31 37
31 38
32 34
32 35
32 36
32 37
32 38
33 19
33 33
33 34
33 35
33 36
33 37
34 16
34 17
34 18
34 19
34 20
34 21
34 22
34 23
34 31
34 32
34 33
34 34
34 35
34 36
34 37
35 16
35 17
35 18
35 19
35 20
35 21
35 22
35 23
35 24
35 25
35 26
35 27
35 28
35 29
35 30
35 31
35 32
35 33
35 34
35 35
35 36
36 16
36 17
36 18
36 19
36 20
36 21
36 22
36 23
36 24
36 25
36 26
36 27
36 28
36 29
36 30
36 31
36 32
36 33
36 34
36 35
37 16
37 17
37 18
37 21
37 22
37 23
37 24
37 25
37 26
37 27
37 28
37 29
37 30
37 31
37 32
37 33
37 38
38 16
38 17
38 18
38 30
38 39
39 16
39 17
39 18
39 19
40 16
40 17
40 18
40 19
41 16
41 17
41 18
41 19
41 21
